          1 00000000 00000000 2 2 00000000 0 1 1 0 0 0 0 1 1 1
          2 00000000 00000000 2 2 00000000 1 1 1 0 0 0 0 1 1 1
          3 00000000 00000000 2 2 00000000 0 1 0 0 0 0 0 1 1 1
          4 00000000 00000000 2 2 00000000 1 1 0 0 0 0 0 1 1 1
          5 00000000 00000000 2 2 00000000 0 1 0 0 0 0 0 1 1 1
          6 00000000 00000000 2 2 00000000 1 1 0 0 0 0 0 1 1 1
          7 ea000006 00000000 2 2 00000000 0 1 1 0 0 0 0 1 1 1
          8 ea000006 00000000 2 2 00000000 1 1 1 0 0 0 0 1 1 1
          9 ea000006 00000000 2 2 00000000 0 1 0 0 0 0 0 1 1 1
         10 ea000006 00000000 2 2 00000000 1 1 0 0 0 0 0 1 1 1
         11 ea000006 00000000 2 2 00000000 0 1 0 0 0 0 0 1 1 1
         12 ea000006 00000000 2 2 00000000 1 1 0 0 0 0 0 1 1 1
         13 e1a00000 00000000 2 2 00000000 0 1 1 0 0 0 0 1 1 1
         14 e1a00000 00000000 2 2 00000000 1 1 1 0 0 0 0 1 1 1
         15 e1a00000 00000000 2 2 00000000 0 1 0 0 0 0 0 1 1 1
         16 e1a00000 00000000 2 2 00000000 1 1 0 0 0 0 0 1 1 1
         17 e1a00000 00000000 2 2 00000000 0 1 0 0 0 0 0 1 1 1
         18 e1a00000 00000000 2 2 00000000 1 1 0 0 0 0 0 1 1 1
         19 e1a00000 00000000 2 2 00000000 0 1 1 0 0 0 0 1 1 1
         20 e1a00000 00000000 2 2 00000000 1 1 1 0 0 0 0 1 1 1
         21 e1a00000 00000000 2 2 00000000 0 1 0 0 0 0 0 1 1 1
         22 e1a00000 00000000 2 2 00000000 1 1 0 0 0 0 0 1 1 1
         23 e1a00000 00000000 2 2 00000000 0 1 0 0 0 0 0 1 1 1
         24 e1a00000 00000000 2 2 00000000 1 1 0 0 0 0 0 1 1 1
         25 e1a00000 00000000 2 2 00000000 0 1 1 0 0 0 0 1 1 1
         26 e1a00000 00000000 2 2 00000000 1 1 1 0 0 0 0 1 1 1
         27 e1a00000 00000000 2 2 00000000 0 1 0 0 0 0 0 1 1 1
         28 e1a00000 00000000 2 2 00000000 1 1 0 0 0 0 0 1 1 1
         29 e1a00000 00000000 2 2 00000000 0 1 0 0 0 0 0 1 1 1
         30 e1a00000 00000000 2 2 00000000 1 1 0 0 0 0 0 1 1 1
         31 e3a00801 00000000 2 2 00000000 0 1 1 0 0 0 0 1 1 1
         32 e3a00801 00000000 2 2 00000000 1 1 1 0 0 0 0 1 1 1
         33 e3a00801 00000000 2 2 00000000 0 1 0 0 0 0 0 1 1 1
         34 e3a00801 00000000 2 2 00000000 1 1 0 0 0 0 0 1 1 1
         35 e3a00801 00000000 2 2 00000000 0 1 0 0 0 0 0 1 1 1
         36 e3a00801 00000000 2 2 00000000 1 1 0 0 0 0 0 1 1 1
         37 e1a0d000 00000000 2 2 00000000 0 1 1 0 0 0 0 1 1 1
         38 e1a0d000 00000000 2 2 00000000 1 1 1 0 0 0 0 1 1 1
         39 e1a0d000 00000000 2 2 00000000 0 1 0 0 0 0 0 1 1 1
         40 e1a0d000 00000000 2 2 00000000 1 1 0 0 0 0 0 1 1 1
         41 e1a0d000 00000000 2 2 00000000 0 1 0 0 0 0 0 1 1 1
         42 e1a0d000 00000000 2 2 00000000 1 1 0 0 0 0 0 1 1 1
         43 e10f0000 00000000 2 2 00000000 0 1 1 0 0 0 0 1 1 1
         44 e10f0000 00000000 2 2 00000000 1 1 1 0 0 0 0 1 1 1
         45 e10f0000 00000000 2 2 00000000 0 1 0 0 0 0 0 1 1 1
         46 e10f0000 00000000 2 2 00000000 1 1 0 0 0 0 0 1 1 1
         47 e10f0000 00000000 2 2 00000000 0 1 0 0 0 0 0 1 1 1
         48 e10f0000 00000000 2 2 00000000 1 1 0 0 0 0 0 1 1 1
         49 e3c00001 00000000 2 2 00000000 0 1 1 0 0 0 0 1 1 1
         50 e3c00001 00000000 2 2 00000000 1 1 1 0 0 0 0 1 1 1
         51 e3c00001 00000000 2 2 00000000 0 1 0 0 0 0 0 1 1 1
         52 e3c00001 00000000 2 2 00000000 1 1 0 0 0 0 0 1 1 1
         53 e3c00001 00000000 2 2 00000000 0 1 0 0 0 0 0 1 1 1
         54 e3c00001 00000000 2 2 00000000 1 1 0 0 0 0 0 1 1 1
         55 e129f000 00000000 2 2 00000000 0 1 1 0 0 0 0 1 1 1
         56 e129f000 00000000 2 2 00000000 1 1 1 0 0 0 0 1 1 1
         57 e129f000 00000000 2 2 00000000 0 1 0 0 0 0 0 1 1 1
         58 e129f000 00000000 2 2 00000000 1 1 0 0 0 0 0 1 1 1
         59 e129f000 00000000 2 2 00000000 0 1 0 0 0 0 0 1 1 1
         60 e129f000 00000000 2 2 00000000 1 1 0 0 0 0 0 1 1 1
         61 e3a01802 00000000 2 2 00000000 0 1 1 0 0 0 0 1 1 1
         62 e3a01802 00000000 2 2 00000000 1 1 1 0 0 0 0 1 1 1
         63 e3a01802 00000000 2 2 00000000 0 1 0 0 0 0 0 1 1 1
         64 e3a01802 00000000 2 2 00000000 1 1 0 0 0 0 0 1 1 1
         65 e3a01802 00000000 2 2 00000000 0 1 0 0 0 0 0 1 1 1
         66 e3a01802 00000000 2 2 00000000 1 1 0 0 0 0 0 1 1 1
         67 e1a0d000 00000000 2 2 00000000 0 1 1 0 0 0 0 1 1 1
         68 e1a0d000 00000000 2 2 00000000 1 1 1 0 0 0 0 1 1 1
         69 00000000 00000000 2 2 00000000 0 1 1 0 0 0 0 1 1 1
         70 00000000 00000000 2 2 00000000 1 1 1 0 0 0 0 1 1 1
         71 e1a0d000 00000000 2 2 00000000 0 1 0 0 0 0 0 1 1 1
         72 e1a0d000 00000000 2 2 00000000 1 1 0 0 0 0 0 1 1 1
         73 e1a0d000 00000000 2 2 00000000 0 1 0 0 0 0 0 1 1 1
         74 e1a0d000 00000000 2 2 00000000 1 1 0 0 0 0 0 1 1 1
         75 e3800001 00000000 2 2 00000000 0 1 1 0 0 0 0 1 1 1
         76 e3800001 00000000 2 2 00000000 1 1 1 0 0 0 0 1 1 1
         77 e3800001 00000000 2 2 00000000 0 1 0 0 0 0 0 1 1 1
         78 e3800001 00000000 2 2 00000000 1 1 0 0 0 0 0 1 1 1
         79 e3800001 00000000 2 2 00000000 0 1 0 0 0 0 0 1 1 1
         80 e3800001 00000000 2 2 00000000 1 1 0 0 0 0 0 1 1 1
         81 e3c000a0 00000000 2 2 00000000 0 1 1 0 0 0 0 1 1 1
         82 e3c000a0 00000000 2 2 00000000 1 1 1 0 0 0 0 1 1 1
         83 e3c000a0 00000000 2 2 00000000 0 1 0 0 0 0 0 1 1 1
         84 e3c000a0 00000000 2 2 00000000 1 1 0 0 0 0 0 1 1 1
         85 e3c000a0 00000000 2 2 00000000 0 1 0 0 0 0 0 1 1 1
         86 e3c000a0 00000000 2 2 00000000 1 1 0 0 0 0 0 1 1 1
         87 e129f000 00000000 2 2 00000000 0 1 1 0 0 0 0 1 1 1
         88 e129f000 00000000 2 2 00000000 1 1 1 0 0 0 0 1 1 1
         89 e129f000 00000000 2 2 00000000 0 1 0 0 0 0 0 1 1 1
         90 e129f000 00000000 2 2 00000000 1 1 0 0 0 0 0 1 1 1
         91 e129f000 00000000 2 2 00000000 0 1 0 0 0 0 0 1 1 1
         92 e129f000 00000000 2 2 00000000 1 1 0 0 0 0 0 1 1 1
         93 e1a0e00f 00000000 2 2 00000000 0 1 1 0 0 0 0 1 1 1
         94 e1a0e00f 00000000 2 2 00000000 1 1 1 0 0 0 0 1 1 1
         95 e1a0e00f 00000000 2 2 00000000 0 1 0 0 0 0 0 1 1 1
         96 e1a0e00f 00000000 2 2 00000000 1 1 0 0 0 0 0 1 1 1
         97 e1a0e00f 00000000 2 2 00000000 0 1 0 0 0 0 0 1 1 1
         98 e1a0e00f 00000000 2 2 00000000 1 1 0 0 0 0 0 1 1 1
         99 e59ff00c 00000000 2 2 00000000 0 1 1 0 0 0 0 1 1 1
        100 e59ff00c 00000000 2 2 00000000 1 1 1 0 0 0 0 1 1 1
        101 00000000 00000000 2 2 00000000 0 1 1 0 0 0 0 1 1 1
        102 00000000 00000000 2 2 00000000 1 1 1 0 0 0 0 1 1 1
        103 e59ff00c 00000000 2 2 00000000 0 1 0 0 0 0 0 1 1 1
        104 e59ff00c 00000000 2 2 00000000 1 1 0 0 0 0 0 1 1 1
        105 e59ff00c 00000000 2 2 00000000 0 1 0 0 0 0 0 1 1 1
        106 e59ff00c 00000000 2 2 00000000 1 1 0 0 0 0 0 1 1 1
        107 e3a0c242 00000000 2 2 00000000 0 1 1 0 0 0 0 1 1 1
        108 e3a0c242 00000000 2 2 00000000 1 1 1 0 0 0 0 1 1 1
        109 e3a0c242 00000000 2 2 00000000 0 1 0 0 0 0 0 1 1 1
        110 e3a0c242 00000000 2 2 00000000 1 1 0 0 0 0 0 1 1 1
        111 e3a0c242 00000000 2 2 00000000 0 1 0 0 0 0 0 1 1 1
        112 e3a0c242 00000000 2 2 00000000 1 1 0 0 0 0 0 1 1 1
        113 e3a0d004 00000000 2 2 00000000 0 1 1 0 0 0 0 1 1 1
        114 e3a0d004 00000000 2 2 00000000 1 1 1 0 0 0 0 1 1 1
        115 00000000 00000000 2 2 00000000 0 1 0 0 0 0 0 1 1 1
        116 00000000 00000000 2 2 00000000 1 1 0 0 0 0 0 1 1 1
        117 00000000 00000000 2 2 00000000 0 1 0 0 0 0 0 1 1 1
        118 00000000 00000000 2 2 00000000 1 1 0 0 0 0 0 1 1 1
        119 00000000 00000064 2 2 00000000 0 1 1 0 0 0 0 1 1 1
        120 00000000 00000064 2 2 00000000 1 1 1 0 0 0 0 1 1 1
        121 e3a0d004 00000000 2 2 00000000 0 1 0 0 0 0 0 1 1 1
        122 e3a0d004 00000000 2 2 00000000 1 1 0 0 0 0 0 1 1 1
        123 e3a0d004 00000000 2 2 00000000 0 1 0 0 0 0 0 1 1 1
        124 e3a0d004 00000000 2 2 00000000 1 1 0 0 0 0 0 1 1 1
        125 000000cc 00000000 2 2 00000000 0 1 1 0 0 0 0 1 1 1
        126 000000cc 00000000 2 2 00000000 1 1 1 0 0 0 0 1 1 1
        127 00000000 00000000 2 2 00000000 0 1 1 0 0 0 0 1 1 1
        128 00000000 00000000 2 2 00000000 1 1 1 0 0 0 0 1 1 1
        129 000000cc 00000000 2 2 00000000 0 1 0 0 0 0 0 1 1 1
        130 000000cc 00000000 2 2 00000000 1 1 0 0 0 0 0 1 1 1
        131 000000cc 00000000 2 2 00000000 0 1 0 0 0 0 0 1 1 1
        132 000000cc 00000000 2 2 00000000 1 1 0 0 0 0 0 1 1 1
        133 e3a00202 00000000 2 2 00000000 0 1 1 0 0 0 0 1 1 1
        134 e3a00202 00000000 2 2 00000000 1 1 1 0 0 0 0 1 1 1
        135 e3a00202 00000000 2 2 00000000 0 1 0 0 0 0 0 1 1 1
        136 e3a00202 00000000 2 2 00000000 1 1 0 0 0 0 0 1 1 1
        137 e3a00202 00000000 2 2 00000000 0 1 0 0 0 0 0 1 1 1
        138 e3a00202 00000000 2 2 00000000 1 1 0 0 0 0 0 1 1 1
        139 e3a0100a 00000000 2 2 00000000 0 1 1 0 0 0 0 1 1 1
        140 e3a0100a 00000000 2 2 00000000 1 1 1 0 0 0 0 1 1 1
        141 e3a0100a 00000000 2 2 00000000 0 1 0 0 0 0 0 1 1 1
        142 e3a0100a 00000000 2 2 00000000 1 1 0 0 0 0 0 1 1 1
        143 e3a0100a 00000000 2 2 00000000 0 1 0 0 0 0 0 1 1 1
        144 e3a0100a 00000000 2 2 00000000 1 1 0 0 0 0 0 1 1 1
        145 e5801000 00000000 2 2 00000000 0 1 1 0 0 0 0 1 1 1
        146 e5801000 00000000 2 2 00000000 1 1 1 0 0 0 0 1 1 1
        147 e5801000 00000000 2 2 00000000 0 1 0 0 0 0 0 1 1 1
        148 e5801000 00000000 2 2 00000000 1 1 0 0 0 0 0 1 1 1
        149 e5801000 00000000 2 2 00000000 0 1 0 0 0 0 0 1 1 1
        150 e5801000 00000000 2 2 00000000 1 1 0 0 0 0 0 1 1 1
        151 e3a02048 00000000 2 2 00000000 0 1 1 0 0 0 0 1 1 1
        152 e3a02048 00000000 2 2 00000000 1 1 1 0 0 0 0 1 1 1
        153 e3a02048 00000000 2 2 00000000 0 1 0 0 0 0 0 1 1 1
        154 e3a02048 00000000 2 2 00000000 1 1 0 0 0 0 0 1 1 1
        155 e3a02048 00000000 2 2 00000000 0 1 0 0 0 0 0 1 1 1
        156 e3a02048 00000000 2 2 00000000 1 1 0 0 0 0 0 1 1 1
        157 e5802000 00000000 2 2 00000000 0 1 1 0 0 0 0 1 1 1
        158 e5802000 00000000 2 2 00000000 1 1 1 0 0 0 0 1 1 1
        159 e5802000 00000064 2 2 00000000 0 1 0 0 0 0 0 1 1 1
        160 e5802000 00000064 2 2 00000000 1 1 0 0 0 0 0 1 1 1
        161 e5802000 00000064 2 2 00000000 0 1 0 0 0 0 0 1 1 1
        162 e5802000 00000064 2 2 00000000 1 1 0 0 0 0 0 1 1 1
        163 e5802000 00000000 2 2 00000000 0 1 0 0 0 0 0 1 1 1
        164 e5802000 00000000 2 2 00000000 1 1 0 0 0 0 0 1 1 1
        165 e3a02065 00000000 2 2 00000000 0 1 1 0 0 0 0 1 1 1
        166 e3a02065 00000000 2 2 00000000 1 1 1 0 0 0 0 1 1 1
        167 e3a02065 00000000 2 2 00000000 0 1 0 0 0 0 0 1 1 1
        168 e3a02065 00000000 2 2 00000000 1 1 0 0 0 0 0 1 1 1
        169 e3a02065 00000000 2 2 00000000 0 1 0 0 0 0 0 1 1 1
        170 e3a02065 00000000 2 2 00000000 1 1 0 0 0 0 0 1 1 1
        171 e5802000 00000000 2 2 00000000 0 1 1 0 0 0 0 1 1 1
        172 e5802000 00000000 2 2 00000000 1 1 1 0 0 0 0 1 1 1
        173 e5802000 00000000 2 2 00000000 0 1 0 0 0 0 0 1 1 1
        174 e5802000 00000000 2 2 00000000 1 1 0 0 0 0 0 1 1 1
        175 e5802000 00000000 2 2 00000000 0 1 0 0 0 0 0 1 1 1
        176 e5802000 00000000 2 2 00000000 1 1 0 0 0 0 0 1 1 1
        177 e5802000 00000000 2 2 00000000 0 1 0 0 0 0 0 1 1 1
        178 e5802000 00000000 2 2 00000000 1 1 0 0 0 0 0 1 1 1
        179 e3a0206c 00000000 2 2 00000000 0 1 1 0 0 0 0 1 1 1
        180 e3a0206c 00000000 2 2 00000000 1 1 1 0 0 0 0 1 1 1
        181 e3a0206c 00000000 2 2 00000000 0 1 0 0 0 0 0 1 1 1
        182 e3a0206c 00000000 2 2 00000000 1 1 0 0 0 0 0 1 1 1
        183 e3a0206c 00000000 2 2 00000000 0 1 0 0 0 0 0 1 1 1
        184 e3a0206c 00000000 2 2 00000000 1 1 0 0 0 0 0 1 1 1
        185 e5802000 00000000 2 2 00000000 0 1 1 0 0 0 0 1 1 1
        186 e5802000 00000000 2 2 00000000 1 1 1 0 0 0 0 1 1 1
        187 e5802000 00000000 2 2 00000000 0 1 0 0 0 0 0 1 1 1
        188 e5802000 00000000 2 2 00000000 1 1 0 0 0 0 0 1 1 1
        189 e5802000 00000000 2 2 00000000 0 1 0 0 0 0 0 1 1 1
        190 e5802000 00000000 2 2 00000000 1 1 0 0 0 0 0 1 1 1
        191 e5802000 00000000 2 2 00000000 0 1 0 0 0 0 0 1 1 1
        192 e5802000 00000000 2 2 00000000 1 1 0 0 0 0 0 1 1 1
        193 e5802000 00000000 2 2 00000000 0 1 1 0 0 0 0 1 1 1
        194 e5802000 00000000 2 2 00000000 1 1 1 0 0 0 0 1 1 1
        195 e5802000 00000000 2 2 00000000 0 1 0 0 0 0 0 1 1 1
        196 e5802000 00000000 2 2 00000000 1 1 0 0 0 0 0 1 1 1
        197 e5802000 00000000 2 2 00000000 0 1 0 0 0 0 0 1 1 1
        198 e5802000 00000000 2 2 00000000 1 1 0 0 0 0 0 1 1 1
        199 e3a0206f 00000000 2 2 00000000 0 1 1 0 0 0 0 1 1 1
        200 e3a0206f 00000000 2 2 00000000 1 1 1 0 0 0 0 1 1 1
        201 e3a0206f 00000000 2 2 00000000 0 1 0 0 0 0 0 1 1 1
        202 e3a0206f 00000000 2 2 00000000 1 1 0 0 0 0 0 1 1 1
        203 e3a0206f 00000000 2 2 00000000 0 1 0 0 0 0 0 1 1 1
        204 e3a0206f 00000000 2 2 00000000 1 1 0 0 0 0 0 1 1 1
        205 e3a0206f 00000000 2 2 00000000 0 1 0 0 0 0 0 1 1 1
        206 e3a0206f 00000000 2 2 00000000 1 1 0 0 0 0 0 1 1 1
        207 e5802000 00000000 2 2 00000000 0 1 1 0 0 0 0 1 1 1
        208 e5802000 00000000 2 2 00000000 1 1 1 0 0 0 0 1 1 1
        209 e5802000 00000000 2 2 00000000 0 1 0 0 0 0 0 1 1 1
        210 e5802000 00000000 2 2 00000000 1 1 0 0 0 0 0 1 1 1
        211 e5802000 00000000 2 2 00000000 0 1 0 0 0 0 0 1 1 1
        212 e5802000 00000000 2 2 00000000 1 1 0 0 0 0 0 1 1 1
        213 e5802000 00000000 2 2 00000000 0 1 0 0 0 0 0 1 1 1
        214 e5802000 00000000 2 2 00000000 1 1 0 0 0 0 0 1 1 1
        215 e3a02009 00000000 2 2 00000000 0 1 1 0 0 0 0 1 1 1
        216 e3a02009 00000000 2 2 00000000 1 1 1 0 0 0 0 1 1 1
        217 e3a02009 00000000 2 2 00000000 0 1 0 0 0 0 0 1 1 1
        218 e3a02009 00000000 2 2 00000000 1 1 0 0 0 0 0 1 1 1
        219 e3a02009 00000000 2 2 00000000 0 1 0 0 0 0 0 1 1 1
        220 e3a02009 00000000 2 2 00000000 1 1 0 0 0 0 0 1 1 1
        221 e5802000 00000000 2 2 00000000 0 1 1 0 0 0 0 1 1 1
        222 e5802000 00000000 2 2 00000000 1 1 1 0 0 0 0 1 1 1
        223 e5802000 00000000 2 2 00000000 0 1 0 0 0 0 0 1 1 1
        224 e5802000 00000000 2 2 00000000 1 1 0 0 0 0 0 1 1 1
        225 e5802000 00000000 2 2 00000000 0 1 0 0 0 0 0 1 1 1
        226 e5802000 00000000 2 2 00000000 1 1 0 0 0 0 0 1 1 1
        227 e5802000 00000000 2 2 00000000 0 1 0 0 0 0 0 1 1 1
        228 e5802000 00000000 2 2 00000000 1 1 0 0 0 0 0 1 1 1
        229 e3a02045 00000000 2 2 00000000 0 1 1 0 0 0 0 1 1 1
        230 e3a02045 00000000 2 2 00000000 1 1 1 0 0 0 0 1 1 1
        231 e3a02045 00000000 2 2 00000000 0 1 0 0 0 0 0 1 1 1
        232 e3a02045 00000000 2 2 00000000 1 1 0 0 0 0 0 1 1 1
        233 e3a02045 00000000 2 2 00000000 0 1 0 0 0 0 0 1 1 1
        234 e3a02045 00000000 2 2 00000000 1 1 0 0 0 0 0 1 1 1
        235 e5802000 00000000 2 2 00000000 0 1 1 0 0 0 0 1 1 1
        236 e5802000 00000000 2 2 00000000 1 1 1 0 0 0 0 1 1 1
        237 e5802000 00000000 2 2 00000000 0 1 0 0 0 0 0 1 1 1
        238 e5802000 00000000 2 2 00000000 1 1 0 0 0 0 0 1 1 1
        239 e5802000 00000000 2 2 00000000 0 1 0 0 0 0 0 1 1 1
        240 e5802000 00000000 2 2 00000000 1 1 0 0 0 0 0 1 1 1
        241 e5802000 00000000 2 2 00000000 0 1 0 0 0 0 0 1 1 1
        242 e5802000 00000000 2 2 00000000 1 1 0 0 0 0 0 1 1 1
        243 e3a02041 00000000 2 2 00000000 0 1 1 0 0 0 0 1 1 1
        244 e3a02041 00000000 2 2 00000000 1 1 1 0 0 0 0 1 1 1
        245 e3a02041 00000000 2 2 00000000 0 1 0 0 0 0 0 1 1 1
        246 e3a02041 00000000 2 2 00000000 1 1 0 0 0 0 0 1 1 1
        247 e3a02041 00000000 2 2 00000000 0 1 0 0 0 0 0 1 1 1
        248 e3a02041 00000000 2 2 00000000 1 1 0 0 0 0 0 1 1 1
        249 e5802000 00000000 2 2 00000000 0 1 1 0 0 0 0 1 1 1
        250 e5802000 00000000 2 2 00000000 1 1 1 0 0 0 0 1 1 1
        251 e5802000 00000000 2 2 00000000 0 1 0 0 0 0 0 1 1 1
        252 e5802000 00000000 2 2 00000000 1 1 0 0 0 0 0 1 1 1
        253 e5802000 00000000 2 2 00000000 0 1 0 0 0 0 0 1 1 1
        254 e5802000 00000000 2 2 00000000 1 1 0 0 0 0 0 1 1 1
        255 e5802000 00000000 2 2 00000000 0 1 0 0 0 0 0 1 1 1
        256 e5802000 00000000 2 2 00000000 1 1 0 0 0 0 0 1 1 1
        257 e3a02053 00000000 2 2 00000000 0 1 1 0 0 0 0 1 1 1
        258 e3a02053 00000000 2 2 00000000 1 1 1 0 0 0 0 1 1 1
        259 e3a02053 00000000 2 2 00000000 0 1 0 0 0 0 0 1 1 1
        260 e3a02053 00000000 2 2 00000000 1 1 0 0 0 0 0 1 1 1
        261 e3a02053 00000000 2 2 00000000 0 1 0 0 0 0 0 1 1 1
        262 e3a02053 00000000 2 2 00000000 1 1 0 0 0 0 0 1 1 1
        263 e5802000 00000000 2 2 00000000 0 1 1 0 0 0 0 1 1 1
        264 e5802000 00000000 2 2 00000000 1 1 1 0 0 0 0 1 1 1
        265 e5802000 00000000 2 2 00000000 0 1 0 0 0 0 0 1 1 1
        266 e5802000 00000000 2 2 00000000 1 1 0 0 0 0 0 1 1 1
        267 e5802000 00000000 2 2 00000000 0 1 0 0 0 0 0 1 1 1
        268 e5802000 00000000 2 2 00000000 1 1 0 0 0 0 0 1 1 1
        269 e5802000 00000000 2 2 00000000 0 1 0 0 0 0 0 1 1 1
        270 e5802000 00000000 2 2 00000000 1 1 0 0 0 0 0 1 1 1
        271 e3a02059 00000000 2 2 00000000 0 1 1 0 0 0 0 1 1 1
        272 e3a02059 00000000 2 2 00000000 1 1 1 0 0 0 0 1 1 1
        273 e3a02059 00000000 2 2 00000000 0 1 0 0 0 0 0 1 1 1
        274 e3a02059 00000000 2 2 00000000 1 1 0 0 0 0 0 1 1 1
        275 e3a02059 00000000 2 2 00000000 0 1 0 0 0 0 0 1 1 1
        276 e3a02059 00000000 2 2 00000000 1 1 0 0 0 0 0 1 1 1
        277 e5802000 00000000 2 2 00000000 0 1 1 0 0 0 0 1 1 1
        278 e5802000 00000000 2 2 00000000 1 1 1 0 0 0 0 1 1 1
        279 e5802000 00000000 2 2 00000000 0 1 0 0 0 0 0 1 1 1
        280 e5802000 00000000 2 2 00000000 1 1 0 0 0 0 0 1 1 1
        281 e5802000 00000000 2 2 00000000 0 1 0 0 0 0 0 1 1 1
        282 e5802000 00000000 2 2 00000000 1 1 0 0 0 0 0 1 1 1
        283 e5802000 00000000 2 2 00000000 0 1 0 0 0 0 0 1 1 1
        284 e5802000 00000000 2 2 00000000 1 1 0 0 0 0 0 1 1 1
        285 e3a02021 00000000 2 2 00000000 0 1 1 0 0 0 0 1 1 1
        286 e3a02021 00000000 2 2 00000000 1 1 1 0 0 0 0 1 1 1
        287 e3a02021 00000000 2 2 00000000 0 1 0 0 0 0 0 1 1 1
        288 e3a02021 00000000 2 2 00000000 1 1 0 0 0 0 0 1 1 1
        289 e3a02021 00000000 2 2 00000000 0 1 0 0 0 0 0 1 1 1
        290 e3a02021 00000000 2 2 00000000 1 1 0 0 0 0 0 1 1 1
        291 e5802000 00000000 2 2 00000000 0 1 1 0 0 0 0 1 1 1
        292 e5802000 00000000 2 2 00000000 1 1 1 0 0 0 0 1 1 1
        293 e5802000 00000000 2 2 00000000 0 1 0 0 0 0 0 1 1 1
        294 e5802000 00000000 2 2 00000000 1 1 0 0 0 0 0 1 1 1
        295 e5802000 00000000 2 2 00000000 0 1 0 0 0 0 0 1 1 1
        296 e5802000 00000000 2 2 00000000 1 1 0 0 0 0 0 1 1 1
        297 e5802000 00000000 2 2 00000000 0 1 0 0 0 0 0 1 1 1
        298 e5802000 00000000 2 2 00000000 1 1 0 0 0 0 0 1 1 1
        299 e5801000 00000000 2 2 00000000 0 1 1 0 0 0 0 1 1 1
        300 e5801000 00000000 2 2 00000000 1 1 1 0 0 0 0 1 1 1
        301 e5801000 00000000 2 2 00000000 0 1 0 0 0 0 0 1 1 1
        302 e5801000 00000000 2 2 00000000 1 1 0 0 0 0 0 1 1 1
        303 e5801000 00000000 2 2 00000000 0 1 0 0 0 0 0 1 1 1
        304 e5801000 00000000 2 2 00000000 1 1 0 0 0 0 0 1 1 1
        305 e1a0f00e 00000000 2 2 00000000 0 1 1 0 0 0 0 1 1 1
        306 e1a0f00e 00000000 2 2 00000000 1 1 1 0 0 0 0 1 1 1
        307 e1a0f00e 00000000 2 2 00000000 0 1 0 0 0 0 0 1 1 1
        308 e1a0f00e 00000000 2 2 00000000 1 1 0 0 0 0 0 1 1 1
        309 e1a0f00e 00000000 2 2 00000000 0 1 0 0 0 0 0 1 1 1
        310 e1a0f00e 00000000 2 2 00000000 1 1 0 0 0 0 0 1 1 1
        311 e1a0f00e 00000000 2 2 00000000 0 1 0 0 0 0 0 1 1 1
        312 e1a0f00e 00000000 2 2 00000000 1 1 0 0 0 0 0 1 1 1
        313 e92d503f 00000000 2 2 00000000 0 1 1 0 0 0 0 1 1 1
        314 e92d503f 00000000 2 2 00000000 1 1 1 0 0 0 0 1 1 1
        315 e92d503f 00000000 2 2 00000000 0 1 0 0 0 0 0 1 1 1
        316 e92d503f 00000000 2 2 00000000 1 1 0 0 0 0 0 1 1 1
        317 e92d503f 00000000 2 2 00000000 0 1 0 0 0 0 0 1 1 1
        318 e92d503f 00000000 2 2 00000000 1 1 0 0 0 0 0 1 1 1
        319 e92d503f 00000000 2 2 00000000 0 1 0 0 0 0 0 1 1 1
        320 e92d503f 00000000 2 2 00000000 1 1 0 0 0 0 0 1 1 1
        321 e3a00202 00000000 2 2 00000000 0 1 1 0 0 0 0 1 1 1
        322 e3a00202 00000000 2 2 00000000 1 1 1 0 0 0 0 1 1 1
        323 e3a00202 00000000 2 2 00000000 0 1 0 0 0 0 0 1 1 1
        324 e3a00202 00000000 2 2 00000000 1 1 0 0 0 0 0 1 1 1
        325 e3a00202 00000000 2 2 00000000 0 1 0 0 0 0 0 1 1 1
        326 e3a00202 00000000 2 2 00000000 1 1 0 0 0 0 0 1 1 1
        327 e3a02049 00000000 2 2 00000000 0 1 1 0 0 0 0 1 1 1
        328 e3a02049 00000000 2 2 00000000 1 1 1 0 0 0 0 1 1 1
        329 e3a02049 00000000 2 2 00000000 0 1 0 0 0 0 0 1 1 1
        330 e3a02049 00000000 2 2 00000000 1 1 0 0 0 0 0 1 1 1
        331 e3a02049 00000000 2 2 00000000 0 1 0 0 0 0 0 1 1 1
        332 e3a02049 00000000 2 2 00000000 1 1 0 0 0 0 0 1 1 1
        333 e3a0c242 00000000 2 2 00000000 0 1 1 0 0 0 0 1 1 1
        334 e3a0c242 00000000 2 2 00000000 1 1 1 0 0 0 0 1 1 1
        335 e3a0c242 00000000 2 2 00000000 0 1 0 0 0 0 0 1 1 1
        336 e3a0c242 00000000 2 2 00000000 1 1 0 0 0 0 0 1 1 1
        337 e3a0c242 00000000 2 2 00000000 0 1 0 0 0 0 0 1 1 1
        338 e3a0c242 00000000 2 2 00000000 1 1 0 0 0 0 0 1 1 1
        339 e3a0d004 00000000 2 2 00000000 0 1 1 0 0 0 0 1 1 1
        340 e3a0d004 00000000 2 2 00000000 1 1 1 0 0 0 0 1 1 1
        341 e3a0d004 00000000 2 2 00000000 0 1 0 0 0 0 0 1 1 1
        342 e3a0d004 00000000 2 2 00000000 1 1 0 0 0 0 0 1 1 1
        343 e3a0d004 00000000 2 2 00000000 0 1 0 0 0 0 0 1 1 1
        344 e3a0d004 00000000 2 2 00000000 1 1 0 0 0 0 0 1 1 1
        345 e58cd000 00000000 2 2 00000000 0 1 1 0 0 0 0 1 1 1
        346 e58cd000 00000000 2 2 00000000 1 1 1 0 0 0 0 1 1 1
        347 e58cd000 00000000 2 2 00000000 0 1 0 0 0 0 0 1 1 1
        348 e58cd000 00000000 2 2 00000000 1 1 0 0 0 0 0 1 1 1
        349 e58cd000 00000000 2 2 00000000 0 1 0 0 0 0 0 1 1 1
        350 e58cd000 00000000 2 2 00000000 1 1 0 0 0 0 0 1 1 1
        351 000000cc 00000000 2 2 00000000 0 1 1 0 0 0 0 1 1 1
        352 000000cc 00000000 2 2 00000000 1 1 1 0 0 0 0 1 1 1
        353 000000cc 00000000 2 2 00000000 0 1 0 0 0 0 0 1 1 1
        354 000000cc 00000000 2 2 00000000 1 1 0 0 0 0 0 1 1 1
        355 000000cc 00000000 2 2 00000000 0 1 0 0 0 0 0 1 1 1
        356 000000cc 00000000 2 2 00000000 1 1 0 0 0 0 0 1 1 1
        357 00000064 00000000 2 2 00000000 0 1 1 0 0 0 0 1 1 1
        358 00000064 00000000 2 2 00000000 1 1 1 0 0 0 0 1 1 1
        359 00000064 00000000 2 2 00000000 0 1 0 0 0 0 0 1 1 1
        360 00000064 00000000 2 2 00000000 1 1 0 0 0 0 0 1 1 1
        361 00000064 00000000 2 2 00000000 0 1 0 0 0 0 0 1 1 1
        362 00000064 00000000 2 2 00000000 1 1 0 0 0 0 0 1 1 1
        363 00000064 00000000 2 2 00000000 0 1 0 0 0 0 0 1 1 1
        364 00000064 00000000 2 2 00000000 1 1 0 0 0 0 0 1 1 1
