          1 00000000 00000000 2 2 00000000 0 1 1 0 0 0 0 1 1 1
          2 00000000 00000000 2 2 00000000 1 1 1 0 0 0 0 1 1 1
          3 00000000 00000000 2 2 00000000 0 1 0 0 0 0 0 1 1 1
          4 00000000 00000000 2 2 00000000 1 1 0 0 0 0 0 1 1 1
          5 00000000 00000000 2 2 00000000 0 1 0 0 0 0 0 1 1 1
          6 00000000 00000000 2 2 00000000 1 1 0 0 0 0 0 1 1 1
          7 00000000 00000000 2 2 00000000 0 1 0 0 0 0 0 1 1 1
          8 00000000 00000000 2 2 00000000 1 1 0 0 0 0 0 1 1 1
          9 00000000 00000000 2 2 00000000 0 1 0 0 0 0 0 1 1 1
         10 00000000 00000000 2 2 00000000 1 1 0 0 0 0 0 1 1 1
         11 00000000 00000000 2 2 00000000 0 1 0 0 0 0 0 1 1 1
         12 00000000 00000000 2 2 00000000 1 1 0 0 0 0 0 1 1 1
         13 00000000 00000000 2 2 00000000 0 1 0 0 0 0 0 1 1 1
         14 00000000 00000000 2 2 00000000 1 1 0 0 0 0 0 1 1 1
         15 00000000 00000000 2 2 00000000 0 1 0 0 0 0 0 1 1 1
         16 00000000 00000000 2 2 00000000 1 1 0 0 0 0 0 1 1 1
         17 00000000 00000000 2 2 00000000 0 1 0 0 0 0 0 1 1 1
         18 00000000 00000000 2 2 00000000 1 1 0 0 0 0 0 1 1 1
         19 00000000 00000000 2 2 00000000 0 1 0 0 0 0 0 1 1 1
         20 00000000 00000000 2 2 00000000 1 1 0 0 0 0 0 1 1 1
         21 00000000 00000000 2 2 00000000 0 1 0 0 0 0 0 1 1 1
         22 00000000 00000000 2 2 00000000 1 1 0 0 0 0 0 1 1 1
         23 00000000 00000000 2 2 00000000 0 1 0 0 0 0 0 1 1 1
         24 00000000 00000000 2 2 00000000 1 1 0 0 0 0 0 1 1 1
         25 00000000 00000000 2 2 00000000 0 1 0 0 0 0 0 1 1 1
         26 00000000 00000000 2 2 00000000 1 1 0 0 0 0 0 1 1 1
         27 00000000 00000000 2 2 00000000 0 1 0 0 0 0 0 1 1 1
         28 00000000 00000000 2 2 00000000 1 1 0 0 0 0 0 1 1 1
         29 00000000 00000000 2 2 00000000 0 1 0 0 0 0 0 1 1 1
         30 00000000 00000000 2 2 00000000 1 1 0 0 0 0 0 1 1 1
         31 00000000 00000000 2 2 00000000 0 1 0 0 0 0 0 1 1 1
         32 00000000 00000000 2 2 00000000 1 1 0 0 0 0 0 1 1 1
         33 00000000 00000000 2 2 00000000 0 1 0 0 0 0 0 1 1 1
         34 00000000 00000000 2 2 00000000 1 1 0 0 0 0 0 1 1 1
         35 00000000 00000000 2 2 00000000 0 1 0 0 0 0 0 1 1 1
         36 00000000 00000000 2 2 00000000 1 1 0 0 0 0 0 1 1 1
         37 00000000 00000000 2 2 00000000 0 1 0 0 0 0 0 1 1 1
         38 00000000 00000000 2 2 00000000 1 1 0 0 0 0 0 1 1 1
         39 00000000 00000000 2 2 00000000 0 1 0 0 0 0 0 1 1 1
         40 00000000 00000000 2 2 00000000 1 1 0 0 0 0 0 1 1 1
         41 00000000 00000000 2 2 00000000 0 1 0 0 0 0 0 1 1 1
         42 00000000 00000000 2 2 00000000 1 1 0 0 0 0 0 1 1 1
         43 00000000 00000000 2 2 00000000 0 1 0 0 0 0 0 1 1 1
         44 00000000 00000000 2 2 00000000 1 1 0 0 0 0 0 1 1 1
         45 00000000 00000000 2 2 00000000 0 1 0 0 0 0 0 1 1 1
         46 00000000 00000000 2 2 00000000 1 1 0 0 0 0 0 1 1 1
         47 00000000 00000000 2 2 00000000 0 1 0 0 0 0 0 1 1 1
         48 00000000 00000000 2 2 00000000 1 1 0 0 0 0 0 1 1 1
         49 00000000 00000000 2 2 00000000 0 1 0 0 0 0 0 1 1 1
         50 00000000 00000000 2 2 00000000 1 1 0 0 0 0 0 1 1 1
         51 00000000 00000000 2 2 00000000 0 1 0 0 0 0 0 1 1 1
         52 00000000 00000000 2 2 00000000 1 1 0 0 0 0 0 1 1 1
         53 00000000 00000000 2 2 00000000 0 1 0 0 0 0 0 1 1 1
         54 00000000 00000000 2 2 00000000 1 1 0 0 0 0 0 1 1 1
         55 00000000 00000000 2 2 00000000 0 1 0 0 0 0 0 1 1 1
         56 00000000 00000000 2 2 00000000 1 1 0 0 0 0 0 1 1 1
         57 00000000 00000000 2 2 00000000 0 1 0 0 0 0 0 1 1 1
         58 00000000 00000000 2 2 00000000 1 1 0 0 0 0 0 1 1 1
         59 00000000 00000000 2 2 00000000 0 1 0 0 0 0 0 1 1 1
         60 00000000 00000000 2 2 00000000 1 1 0 0 0 0 0 1 1 1
         61 00000000 00000000 2 2 00000000 0 1 0 0 0 0 0 1 1 1
         62 00000000 00000000 2 2 00000000 1 1 0 0 0 0 0 1 1 1
         63 00000000 00000000 2 2 00000000 0 1 0 0 0 0 0 1 1 1
         64 00000000 00000000 2 2 00000000 1 1 0 0 0 0 0 1 1 1
         65 00000000 00000000 2 2 00000000 0 1 0 0 0 0 0 1 1 1
         66 00000000 00000000 2 2 00000000 1 1 0 0 0 0 0 1 1 1
         67 00000000 00000000 2 2 00000000 0 1 0 0 0 0 0 1 1 1
         68 00000000 00000000 2 2 00000000 1 1 0 0 0 0 0 1 1 1
         69 00000000 00000000 2 2 00000000 0 1 0 0 0 0 0 1 1 1
         70 00000000 00000000 2 2 00000000 1 1 0 0 0 0 0 1 1 1
         71 00000000 00000000 2 2 00000000 0 1 0 0 0 0 0 1 1 1
         72 00000000 00000000 2 2 00000000 1 1 0 0 0 0 0 1 1 1
         73 00000000 00000000 2 2 00000000 0 1 0 0 0 0 0 1 1 1
         74 00000000 00000000 2 2 00000000 1 1 0 0 0 0 0 1 1 1
         75 00000000 00000000 2 2 00000000 0 1 0 0 0 0 0 1 1 1
         76 00000000 00000000 2 2 00000000 1 1 0 0 0 0 0 1 1 1
         77 00000000 00000000 2 2 00000000 0 1 0 0 0 0 0 1 1 1
         78 00000000 00000000 2 2 00000000 1 1 0 0 0 0 0 1 1 1
         79 00000000 00000000 2 2 00000000 0 1 0 0 0 0 0 1 1 1
         80 00000000 00000000 2 2 00000000 1 1 0 0 0 0 0 1 1 1
         81 00000000 00000000 2 2 00000000 0 1 0 0 0 0 0 1 1 1
         82 00000000 00000000 2 2 00000000 1 1 0 0 0 0 0 1 1 1
         83 00000000 00000000 2 2 00000000 0 1 0 0 0 0 0 1 1 1
         84 00000000 00000000 2 2 00000000 1 1 0 0 0 0 0 1 1 1
         85 00000000 00000000 2 2 00000000 0 1 0 0 0 0 0 1 1 1
         86 00000000 00000000 2 2 00000000 1 1 0 0 0 0 0 1 1 1
         87 00000000 00000000 2 2 00000000 0 1 0 0 0 0 0 1 1 1
         88 00000000 00000000 2 2 00000000 1 1 0 0 0 0 0 1 1 1
         89 00000000 00000000 2 2 00000000 0 1 0 0 0 0 0 1 1 1
         90 00000000 00000000 2 2 00000000 1 1 0 0 0 0 0 1 1 1
         91 00000000 00000000 2 2 00000000 0 1 0 0 0 0 0 1 1 1
         92 00000000 00000000 2 2 00000000 1 1 0 0 0 0 0 1 1 1
         93 00000000 00000000 2 2 00000000 0 1 0 0 0 0 0 1 1 1
         94 00000000 00000000 2 2 00000000 1 1 0 0 0 0 0 1 1 1
         95 00000000 00000000 2 2 00000000 0 1 0 0 0 0 0 1 1 1
         96 00000000 00000000 2 2 00000000 1 1 0 0 0 0 0 1 1 1
         97 00000000 00000000 2 2 00000000 0 1 0 0 0 0 0 1 1 1
         98 00000000 00000000 2 2 00000000 1 1 0 0 0 0 0 1 1 1
         99 00000000 00000000 2 2 00000000 0 1 0 0 0 0 0 1 1 1
        100 00000000 00000000 2 2 00000000 1 1 0 0 0 0 0 1 1 1
        101 00000000 00000000 2 2 00000000 0 1 0 0 0 0 0 1 1 1
        102 00000000 00000000 2 2 00000000 1 1 0 0 0 0 0 1 1 1
        103 00000000 00000000 2 2 00000000 0 1 0 0 0 0 0 1 1 1
        104 00000000 00000000 2 2 00000000 1 1 0 0 0 0 0 1 1 1
        105 00000000 00000000 2 2 00000000 0 1 0 0 0 0 0 1 1 1
        106 00000000 00000000 2 2 00000000 1 1 0 0 0 0 0 1 1 1
        107 00000000 00000000 2 2 00000000 0 1 0 0 0 0 0 1 1 1
        108 00000000 00000000 2 2 00000000 1 1 0 0 0 0 0 1 1 1
        109 00000000 00000000 2 2 00000000 0 1 0 0 0 0 0 1 1 1
        110 00000000 00000000 2 2 00000000 1 1 0 0 0 0 0 1 1 1
        111 00000000 00000000 2 2 00000000 0 1 0 0 0 0 0 1 1 1
        112 00000000 00000000 2 2 00000000 1 1 0 0 0 0 0 1 1 1
        113 00000000 00000000 2 2 00000000 0 1 0 0 0 0 0 1 1 1
        114 00000000 00000000 2 2 00000000 1 1 0 0 0 0 0 1 1 1
        115 00000000 00000000 2 2 00000000 0 1 0 0 0 0 0 1 1 1
        116 00000000 00000000 2 2 00000000 1 1 0 0 0 0 0 1 1 1
        117 00000000 00000000 2 2 00000000 0 1 0 0 0 0 0 1 1 1
        118 00000000 00000000 2 2 00000000 1 1 0 0 0 0 0 1 1 1
        119 00000000 00000000 2 2 00000000 0 1 0 0 0 0 0 1 1 1
        120 00000000 00000000 2 2 00000000 1 1 0 0 0 0 0 1 1 1
        121 00000000 00000000 2 2 00000000 0 1 0 0 0 0 0 1 1 1
        122 00000000 00000000 2 2 00000000 1 1 0 0 0 0 0 1 1 1
        123 00000000 00000000 2 2 00000000 0 1 0 0 0 0 0 1 1 1
        124 00000000 00000000 2 2 00000000 1 1 0 0 0 0 0 1 1 1
        125 00000000 00000000 2 2 00000000 0 1 0 0 0 0 0 1 1 1
        126 00000000 00000000 2 2 00000000 1 1 0 0 0 0 0 1 1 1
        127 00000000 00000000 2 2 00000000 0 1 0 0 0 0 0 1 1 1
        128 00000000 00000000 2 2 00000000 1 1 0 0 0 0 0 1 1 1
        129 00000000 00000000 2 2 00000000 0 1 0 0 0 0 0 1 1 1
        130 00000000 00000000 2 2 00000000 1 1 0 0 0 0 0 1 1 1
        131 00000000 00000000 2 2 00000000 0 1 0 0 0 0 0 1 1 1
        132 00000000 00000000 2 2 00000000 1 1 0 0 0 0 0 1 1 1
        133 00000000 00000000 2 2 00000000 0 1 0 0 0 0 0 1 1 1
        134 00000000 00000000 2 2 00000000 1 1 0 0 0 0 0 1 1 1
        135 00000000 00000000 2 2 00000000 0 1 0 0 0 0 0 1 1 1
        136 00000000 00000000 2 2 00000000 1 1 0 0 0 0 0 1 1 1
        137 00000000 00000000 2 2 00000000 0 1 0 0 0 0 0 1 1 1
        138 00000000 00000000 2 2 00000000 1 1 0 0 0 0 0 1 1 1
        139 00000000 00000000 2 2 00000000 0 1 0 0 0 0 0 1 1 1
        140 00000000 00000000 2 2 00000000 1 1 0 0 0 0 0 1 1 1
        141 00000000 00000000 2 2 00000000 0 1 0 0 0 0 0 1 1 1
        142 00000000 00000000 2 2 00000000 1 1 0 0 0 0 0 1 1 1
        143 00000000 00000000 2 2 00000000 0 1 0 0 0 0 0 1 1 1
        144 00000000 00000000 2 2 00000000 1 1 0 0 0 0 0 1 1 1
        145 00000000 00000000 2 2 00000000 0 1 0 0 0 0 0 1 1 1
        146 00000000 00000000 2 2 00000000 1 1 0 0 0 0 0 1 1 1
        147 00000000 00000000 2 2 00000000 0 1 0 0 0 0 0 1 1 1
        148 00000000 00000000 2 2 00000000 1 1 0 0 0 0 0 1 1 1
        149 00000000 00000000 2 2 00000000 0 1 0 0 0 0 0 1 1 1
        150 00000000 00000000 2 2 00000000 1 1 0 0 0 0 0 1 1 1
        151 00000000 00000000 2 2 00000000 0 1 0 0 0 0 0 1 1 1
        152 00000000 00000000 2 2 00000000 1 1 0 0 0 0 0 1 1 1
        153 00000000 00000000 2 2 00000000 0 1 0 0 0 0 0 1 1 1
        154 00000000 00000000 2 2 00000000 1 1 0 0 0 0 0 1 1 1
        155 00000000 00000000 2 2 00000000 0 1 0 0 0 0 0 1 1 1
        156 00000000 00000000 2 2 00000000 1 1 0 0 0 0 0 1 1 1
        157 00000000 00000000 2 2 00000000 0 1 0 0 0 0 0 1 1 1
        158 00000000 00000000 2 2 00000000 1 1 0 0 0 0 0 1 1 1
        159 00000000 00000000 2 2 00000000 0 1 0 0 0 0 0 1 1 1
        160 00000000 00000000 2 2 00000000 1 1 0 0 0 0 0 1 1 1
        161 00000000 00000000 2 2 00000000 0 1 0 0 0 0 0 1 1 1
        162 00000000 00000000 2 2 00000000 1 1 0 0 0 0 0 1 1 1
        163 00000000 00000000 2 2 00000000 0 1 0 0 0 0 0 1 1 1
        164 00000000 00000000 2 2 00000000 1 1 0 0 0 0 0 1 1 1
        165 00000000 00000000 2 2 00000000 0 1 0 0 0 0 0 1 1 1
        166 00000000 00000000 2 2 00000000 1 1 0 0 0 0 0 1 1 1
        167 00000000 00000000 2 2 00000000 0 1 0 0 0 0 0 1 1 1
        168 00000000 00000000 2 2 00000000 1 1 0 0 0 0 0 1 1 1
        169 00000000 00000000 2 2 00000000 0 1 0 0 0 0 0 1 1 1
        170 00000000 00000000 2 2 00000000 1 1 0 0 0 0 0 1 1 1
        171 00000000 00000000 2 2 00000000 0 1 0 0 0 0 0 1 1 1
        172 00000000 00000000 2 2 00000000 1 1 0 0 0 0 0 1 1 1
        173 00000000 00000000 2 2 00000000 0 1 0 0 0 0 0 1 1 1
        174 00000000 00000000 2 2 00000000 1 1 0 0 0 0 0 1 1 1
        175 00000000 00000000 2 2 00000000 0 1 0 0 0 0 0 1 1 1
        176 00000000 00000000 2 2 00000000 1 1 0 0 0 0 0 1 1 1
        177 00000000 00000000 2 2 00000000 0 1 0 0 0 0 0 1 1 1
        178 00000000 00000000 2 2 00000000 1 1 0 0 0 0 0 1 1 1
        179 00000000 00000000 2 2 00000000 0 1 0 0 0 0 0 1 1 1
        180 00000000 00000000 2 2 00000000 1 1 0 0 0 0 0 1 1 1
        181 00000000 00000000 2 2 00000000 0 1 0 0 0 0 0 1 1 1
        182 00000000 00000000 2 2 00000000 1 1 0 0 0 0 0 1 1 1
        183 00000000 00000000 2 2 00000000 0 1 0 0 0 0 0 1 1 1
        184 00000000 00000000 2 2 00000000 1 1 0 0 0 0 0 1 1 1
        185 00000000 00000000 2 2 00000000 0 1 0 0 0 0 0 1 1 1
        186 00000000 00000000 2 2 00000000 1 1 0 0 0 0 0 1 1 1
        187 00000000 00000000 2 2 00000000 0 1 0 0 0 0 0 1 1 1
        188 00000000 00000000 2 2 00000000 1 1 0 0 0 0 0 1 1 1
        189 00000000 00000000 2 2 00000000 0 1 0 0 0 0 0 1 1 1
        190 00000000 00000000 2 2 00000000 1 1 0 0 0 0 0 1 1 1
        191 00000000 00000000 2 2 00000000 0 1 0 0 0 0 0 1 1 1
        192 00000000 00000000 2 2 00000000 1 1 0 0 0 0 0 1 1 1
        193 00000000 00000000 2 2 00000000 0 1 0 0 0 0 0 1 1 1
        194 00000000 00000000 2 2 00000000 1 1 0 0 0 0 0 1 1 1
        195 00000000 00000000 2 2 00000000 0 1 0 0 0 0 0 1 1 1
        196 00000000 00000000 2 2 00000000 1 1 0 0 0 0 0 1 1 1
        197 00000000 00000000 2 2 00000000 0 1 0 0 0 0 0 1 1 1
        198 00000000 00000000 2 2 00000000 1 1 0 0 0 0 0 1 1 1
        199 00000000 00000000 2 2 00000000 0 1 0 0 0 0 0 1 1 1
        200 00000000 00000000 2 2 00000000 1 1 0 0 0 0 0 1 1 1
        201 00000000 00000000 2 2 00000000 0 1 0 0 0 0 0 1 1 1
        202 00000000 00000000 2 2 00000000 1 1 0 0 0 0 0 1 1 1
        203 00000000 00000000 2 2 00000000 0 1 0 0 0 0 0 1 1 1
        204 00000000 00000000 2 2 00000000 1 1 0 0 0 0 0 1 1 1
        205 00000000 00000000 2 2 00000000 0 1 0 0 0 0 0 1 1 1
        206 00000000 00000000 2 2 00000000 1 1 0 0 0 0 0 1 1 1
        207 00000000 00000000 2 2 00000000 0 1 0 0 0 0 0 1 1 1
        208 00000000 00000000 2 2 00000000 1 1 0 0 0 0 0 1 1 1
        209 00000000 00000000 2 2 00000000 0 1 0 0 0 0 0 1 1 1
        210 00000000 00000000 2 2 00000000 1 1 0 0 0 0 0 1 1 1
        211 00000000 00000000 2 2 00000000 0 1 0 0 0 0 0 1 1 1
        212 00000000 00000000 2 2 00000000 1 1 0 0 0 0 0 1 1 1
        213 00000000 00000000 2 2 00000000 0 1 0 0 0 0 0 1 1 1
        214 00000000 00000000 2 2 00000000 1 1 0 0 0 0 0 1 1 1
        215 00000000 00000000 2 2 00000000 0 1 0 0 0 0 0 1 1 1
        216 00000000 00000000 2 2 00000000 1 1 0 0 0 0 0 1 1 1
        217 00000000 00000000 2 2 00000000 0 1 0 0 0 0 0 1 1 1
        218 00000000 00000000 2 2 00000000 1 1 0 0 0 0 0 1 1 1
        219 00000000 00000000 2 2 00000000 0 1 0 0 0 0 0 1 1 1
        220 00000000 00000000 2 2 00000000 1 1 0 0 0 0 0 1 1 1
        221 00000000 00000000 2 2 00000000 0 1 0 0 0 0 0 1 1 1
        222 00000000 00000000 2 2 00000000 1 1 0 0 0 0 0 1 1 1
        223 00000000 00000000 2 2 00000000 0 1 0 0 0 0 0 1 1 1
        224 00000000 00000000 2 2 00000000 1 1 0 0 0 0 0 1 1 1
        225 00000000 00000000 2 2 00000000 0 1 0 0 0 0 0 1 1 1
        226 00000000 00000000 2 2 00000000 1 1 0 0 0 0 0 1 1 1
        227 00000000 00000000 2 2 00000000 0 1 0 0 0 0 0 1 1 1
        228 00000000 00000000 2 2 00000000 1 1 0 0 0 0 0 1 1 1
        229 00000000 00000000 2 2 00000000 0 1 0 0 0 0 0 1 1 1
        230 00000000 00000000 2 2 00000000 1 1 0 0 0 0 0 1 1 1
        231 00000000 00000000 2 2 00000000 0 1 0 0 0 0 0 1 1 1
        232 00000000 00000000 2 2 00000000 1 1 0 0 0 0 0 1 1 1
        233 00000000 00000000 2 2 00000000 0 1 0 0 0 0 0 1 1 1
        234 00000000 00000000 2 2 00000000 1 1 0 0 0 0 0 1 1 1
        235 00000000 00000000 2 2 00000000 0 1 0 0 0 0 0 1 1 1
        236 00000000 00000000 2 2 00000000 1 1 0 0 0 0 0 1 1 1
        237 00000000 00000000 2 2 00000000 0 1 0 0 0 0 0 1 1 1
        238 00000000 00000000 2 2 00000000 1 1 0 0 0 0 0 1 1 1
        239 00000000 00000000 2 2 00000000 0 1 0 0 0 0 0 1 1 1
        240 00000000 00000000 2 2 00000000 1 1 0 0 0 0 0 1 1 1
        241 00000000 00000000 2 2 00000000 0 1 0 0 0 0 0 1 1 1
        242 00000000 00000000 2 2 00000000 1 1 0 0 0 0 0 1 1 1
        243 00000000 00000000 2 2 00000000 0 1 0 0 0 0 0 1 1 1
        244 00000000 00000000 2 2 00000000 1 1 0 0 0 0 0 1 1 1
        245 00000000 00000000 2 2 00000000 0 1 0 0 0 0 0 1 1 1
        246 00000000 00000000 2 2 00000000 1 1 0 0 0 0 0 1 1 1
        247 00000000 00000000 2 2 00000000 0 1 0 0 0 0 0 1 1 1
        248 00000000 00000000 2 2 00000000 1 1 0 0 0 0 0 1 1 1
        249 00000000 00000000 2 2 00000000 0 1 0 0 0 0 0 1 1 1
        250 00000000 00000000 2 2 00000000 1 1 0 0 0 0 0 1 1 1
        251 00000000 00000000 2 2 00000000 0 1 0 0 0 0 0 1 1 1
        252 00000000 00000000 2 2 00000000 1 1 0 0 0 0 0 1 1 1
        253 00000000 00000000 2 2 00000000 0 1 0 0 0 0 0 1 1 1
        254 00000000 00000000 2 2 00000000 1 1 0 0 0 0 0 1 1 1
        255 00000000 00000000 2 2 00000000 0 1 0 0 0 0 0 1 1 1
        256 00000000 00000000 2 2 00000000 1 1 0 0 0 0 0 1 1 1
        257 00000000 00000000 2 2 00000000 0 1 0 0 0 0 0 1 1 1
        258 00000000 00000000 2 2 00000000 1 1 0 0 0 0 0 1 1 1
        259 00000000 00000000 2 2 00000000 0 1 0 0 0 0 0 1 1 1
        260 00000000 00000000 2 2 00000000 1 1 0 0 0 0 0 1 1 1
        261 00000000 00000000 2 2 00000000 0 1 0 0 0 0 0 1 1 1
        262 00000000 00000000 2 2 00000000 1 1 0 0 0 0 0 1 1 1
        263 00000000 00000000 2 2 00000000 0 1 0 0 0 0 0 1 1 1
        264 00000000 00000000 2 2 00000000 1 1 0 0 0 0 0 1 1 1
        265 00000000 00000000 2 2 00000000 0 1 0 0 0 0 0 1 1 1
        266 00000000 00000000 2 2 00000000 1 1 0 0 0 0 0 1 1 1
        267 00000000 00000000 2 2 00000000 0 1 0 0 0 0 0 1 1 1
        268 00000000 00000000 2 2 00000000 1 1 0 0 0 0 0 1 1 1
        269 00000000 00000000 2 2 00000000 0 1 0 0 0 0 0 1 1 1
        270 00000000 00000000 2 2 00000000 1 1 0 0 0 0 0 1 1 1
        271 00000000 00000000 2 2 00000000 0 1 0 0 0 0 0 1 1 1
        272 00000000 00000000 2 2 00000000 1 1 0 0 0 0 0 1 1 1
        273 00000000 00000000 2 2 00000000 0 1 0 0 0 0 0 1 1 1
        274 00000000 00000000 2 2 00000000 1 1 0 0 0 0 0 1 1 1
        275 00000000 00000000 2 2 00000000 0 1 0 0 0 0 0 1 1 1
        276 00000000 00000000 2 2 00000000 1 1 0 0 0 0 0 1 1 1
        277 00000000 00000000 2 2 00000000 0 1 0 0 0 0 0 1 1 1
        278 00000000 00000000 2 2 00000000 1 1 0 0 0 0 0 1 1 1
        279 00000000 00000000 2 2 00000000 0 1 0 0 0 0 0 1 1 1
        280 00000000 00000000 2 2 00000000 1 1 0 0 0 0 0 1 1 1
        281 00000000 00000000 2 2 00000000 0 1 0 0 0 0 0 1 1 1
        282 00000000 00000000 2 2 00000000 1 1 0 0 0 0 0 1 1 1
        283 00000000 00000000 2 2 00000000 0 1 0 0 0 0 0 1 1 1
        284 00000000 00000000 2 2 00000000 1 1 0 0 0 0 0 1 1 1
        285 00000000 00000000 2 2 00000000 0 1 0 0 0 0 0 1 1 1
        286 00000000 00000000 2 2 00000000 1 1 0 0 0 0 0 1 1 1
        287 00000000 00000000 2 2 00000000 0 1 0 0 0 0 0 1 1 1
        288 00000000 00000000 2 2 00000000 1 1 0 0 0 0 0 1 1 1
        289 00000000 00000000 2 2 00000000 0 1 0 0 0 0 0 1 1 1
        290 00000000 00000000 2 2 00000000 1 1 0 0 0 0 0 1 1 1
        291 00000000 00000000 2 2 00000000 0 1 0 0 0 0 0 1 1 1
        292 00000000 00000000 2 2 00000000 1 1 0 0 0 0 0 1 1 1
        293 00000000 00000000 2 2 00000000 0 1 0 0 0 0 0 1 1 1
        294 00000000 00000000 2 2 00000000 1 1 0 0 0 0 0 1 1 1
        295 00000000 00000000 2 2 00000000 0 1 0 0 0 0 0 1 1 1
        296 00000000 00000000 2 2 00000000 1 1 0 0 0 0 0 1 1 1
        297 00000000 00000000 2 2 00000000 0 1 0 0 0 0 0 1 1 1
        298 00000000 00000000 2 2 00000000 1 1 0 0 0 0 0 1 1 1
        299 00000000 00000000 2 2 00000000 0 1 0 0 0 0 0 1 1 1
        300 00000000 00000000 2 2 00000000 1 1 0 0 0 0 0 1 1 1
        301 00000000 00000000 2 2 00000000 0 1 0 0 0 0 0 1 1 1
        302 00000000 00000000 2 2 00000000 1 1 0 0 0 0 0 1 1 1
        303 00000000 00000000 2 2 00000000 0 1 0 0 0 0 0 1 1 1
        304 00000000 00000000 2 2 00000000 1 1 0 0 0 0 0 1 1 1
        305 00000000 00000000 2 2 00000000 0 1 0 0 0 0 0 1 1 1
        306 00000000 00000000 2 2 00000000 1 1 0 0 0 0 0 1 1 1
        307 00000000 00000000 2 2 00000000 0 1 0 0 0 0 0 1 1 1
        308 00000000 00000000 2 2 00000000 1 1 0 0 0 0 0 1 1 1
        309 00000000 00000000 2 2 00000000 0 1 0 0 0 0 0 1 1 1
        310 00000000 00000000 2 2 00000000 1 1 0 0 0 0 0 1 1 1
        311 00000000 00000000 2 2 00000000 0 1 0 0 0 0 0 1 1 1
        312 00000000 00000000 2 2 00000000 1 1 0 0 0 0 0 1 1 1
        313 00000000 00000000 2 2 00000000 0 1 0 0 0 0 0 1 1 1
        314 00000000 00000000 2 2 00000000 1 1 0 0 0 0 0 1 1 1
        315 00000000 00000000 2 2 00000000 0 1 0 0 0 0 0 1 1 1
        316 00000000 00000000 2 2 00000000 1 1 0 0 0 0 0 1 1 1
        317 00000000 00000000 2 2 00000000 0 1 0 0 0 0 0 1 1 1
        318 00000000 00000000 2 2 00000000 1 1 0 0 0 0 0 1 1 1
        319 00000000 00000000 2 2 00000000 0 1 0 0 0 0 0 1 1 1
        320 00000000 00000000 2 2 00000000 1 1 0 0 0 0 0 1 1 1
        321 00000000 00000000 2 2 00000000 0 1 0 0 0 0 0 1 1 1
        322 00000000 00000000 2 2 00000000 1 1 0 0 0 0 0 1 1 1
        323 00000000 00000000 2 2 00000000 0 1 0 0 0 0 0 1 1 1
        324 00000000 00000000 2 2 00000000 1 1 0 0 0 0 0 1 1 1
        325 00000000 00000000 2 2 00000000 0 1 0 0 0 0 0 1 1 1
        326 00000000 00000000 2 2 00000000 1 1 0 0 0 0 0 1 1 1
        327 00000000 00000000 2 2 00000000 0 1 0 0 0 0 0 1 1 1
        328 00000000 00000000 2 2 00000000 1 1 0 0 0 0 0 1 1 1
        329 00000000 00000000 2 2 00000000 0 1 0 0 0 0 0 1 1 1
        330 00000000 00000000 2 2 00000000 1 1 0 0 0 0 0 1 1 1
        331 00000000 00000000 2 2 00000000 0 1 0 0 0 0 0 1 1 1
        332 00000000 00000000 2 2 00000000 1 1 0 0 0 0 0 1 1 1
        333 00000000 00000000 2 2 00000000 0 1 0 0 0 0 0 1 1 1
        334 00000000 00000000 2 2 00000000 1 1 0 0 0 0 0 1 1 1
        335 00000000 00000000 2 2 00000000 0 1 0 0 0 0 0 1 1 1
        336 00000000 00000000 2 2 00000000 1 1 0 0 0 0 0 1 1 1
        337 00000000 00000000 2 2 00000000 0 1 0 0 0 0 0 1 1 1
        338 00000000 00000000 2 2 00000000 1 1 0 0 0 0 0 1 1 1
        339 00000000 00000000 2 2 00000000 0 1 0 0 0 0 0 1 1 1
        340 00000000 00000000 2 2 00000000 1 1 0 0 0 0 0 1 1 1
        341 00000000 00000000 2 2 00000000 0 1 0 0 0 0 0 1 1 1
        342 00000000 00000000 2 2 00000000 1 1 0 0 0 0 0 1 1 1
        343 00000000 00000000 2 2 00000000 0 1 0 0 0 0 0 1 1 1
        344 00000000 00000000 2 2 00000000 1 1 0 0 0 0 0 1 1 1
        345 00000000 00000000 2 2 00000000 0 1 0 0 0 0 0 1 1 1
        346 00000000 00000000 2 2 00000000 1 1 0 0 0 0 0 1 1 1
        347 00000000 00000000 2 2 00000000 0 1 0 0 0 0 0 1 1 1
        348 00000000 00000000 2 2 00000000 1 1 0 0 0 0 0 1 1 1
        349 00000000 00000000 2 2 00000000 0 1 0 0 0 0 0 1 1 1
        350 00000000 00000000 2 2 00000000 1 1 0 0 0 0 0 1 1 1
        351 00000000 00000000 2 2 00000000 0 1 0 0 0 0 0 1 1 1
        352 00000000 00000000 2 2 00000000 1 1 0 0 0 0 0 1 1 1
        353 00000000 00000000 2 2 00000000 0 1 0 0 0 0 0 1 1 1
        354 00000000 00000000 2 2 00000000 1 1 0 0 0 0 0 1 1 1
        355 00000000 00000000 2 2 00000000 0 1 0 0 0 0 0 1 1 1
        356 00000000 00000000 2 2 00000000 1 1 0 0 0 0 0 1 1 1
        357 00000000 00000000 2 2 00000000 0 1 0 0 0 0 0 1 1 1
        358 00000000 00000000 2 2 00000000 1 1 0 0 0 0 0 1 1 1
        359 00000000 00000000 2 2 00000000 0 1 0 0 0 0 0 1 1 1
        360 00000000 00000000 2 2 00000000 1 1 0 0 0 0 0 1 1 1
        361 00000000 00000000 2 2 00000000 0 1 0 0 0 0 0 1 1 1
        362 00000000 00000000 2 2 00000000 1 1 0 0 0 0 0 1 1 1
        363 00000000 00000000 2 2 00000000 0 1 0 0 0 0 0 1 1 1
        364 00000000 00000000 2 2 00000000 1 1 0 0 0 0 0 1 1 1
        365 00000000 00000000 2 2 00000000 0 1 0 0 0 0 0 1 1 1
        366 00000000 00000000 2 2 00000000 1 1 0 0 0 0 0 1 1 1
        367 00000000 00000000 2 2 00000000 0 1 0 0 0 0 0 1 1 1
        368 00000000 00000000 2 2 00000000 1 1 0 0 0 0 0 1 1 1
        369 00000000 00000000 2 2 00000000 0 1 0 0 0 0 0 1 1 1
        370 00000000 00000000 2 2 00000000 1 1 0 0 0 0 0 1 1 1
        371 00000000 00000000 2 2 00000000 0 1 0 0 0 0 0 1 1 1
        372 00000000 00000000 2 2 00000000 1 1 0 0 0 0 0 1 1 1
        373 00000000 00000000 2 2 00000000 0 1 0 0 0 0 0 1 1 1
        374 00000000 00000000 2 2 00000000 1 1 0 0 0 0 0 1 1 1
        375 00000000 00000000 2 2 00000000 0 1 0 0 0 0 0 1 1 1
        376 00000000 00000000 2 2 00000000 1 1 0 0 0 0 0 1 1 1
        377 00000000 00000000 2 2 00000000 0 1 0 0 0 0 0 1 1 1
        378 00000000 00000000 2 2 00000000 1 1 0 0 0 0 0 1 1 1
        379 00000000 00000000 2 2 00000000 0 1 0 0 0 0 0 1 1 1
